#epoch accuracy cost
0 0.3333333333333333 0.6935640573501587
500 0.5146666666666667 0.4858587086200714
1000 0.524 0.47060921788215637
1500 0.5603333333333333 0.4436604678630829
2000 0.7313333333333333 0.35429826378822327
2500 0.8553333333333333 0.2611980438232422
3000 0.8986666666666666 0.19986073672771454
3500 0.9133333333333333 0.16614100337028503
4000 0.9226666666666666 0.14777426421642303
4500 0.929 0.13621319830417633
5000 0.9313333333333333 0.12805858254432678
5500 0.935 0.12184145301580429
6000 0.9386666666666666 0.11682794988155365
6500 0.9413333333333334 0.112613745033741
7000 0.9443333333333334 0.10895706713199615
7500 0.947 0.10570190101861954
8000 0.948 0.10273893177509308
8500 0.9493333333333334 0.09998361766338348
9000 0.9503333333333334 0.09736060351133347
9500 0.953 0.09479035437107086
10000 0.9553333333333334 0.0921834334731102
10500 0.9556666666666667 0.08945858478546143
11000 0.9566666666666667 0.08659195154905319
11500 0.9583333333333334 0.08364128321409225
12000 0.9596666666666667 0.08069659024477005
12500 0.9616666666666667 0.07782053202390671
13000 0.9653333333333334 0.07502986490726471
13500 0.967 0.07231073081493378
14000 0.9703333333333334 0.0695684552192688
14500 0.9726666666666667 0.0666394978761673
15000 0.9743333333333334 0.06388800591230392
15500 0.9756666666666667 0.0613943375647068
16000 0.9776666666666667 0.059080902487039566
16500 0.9786666666666667 0.05690993741154671
17000 0.981 0.05486307665705681
17500 0.983 0.05293167009949684
18000 0.9843333333333333 0.05111313983798027
18500 0.985 0.049407750368118286
19000 0.9853333333333333 0.04781689494848251
19500 0.9863333333333333 0.04634125903248787
20000 0.987 0.04497969523072243
20500 0.987 0.0437280610203743
21000 0.9873333333333333 0.042578715831041336
21500 0.9876666666666667 0.04152146354317665
22000 0.988 0.04054492712020874
22500 0.9883333333333333 0.03963828831911087
23000 0.989 0.038792096078395844
23500 0.9893333333333333 0.03799807280302048
24000 0.9893333333333333 0.037249159067869186
24500 0.9893333333333333 0.036539483815431595
25000 0.9896666666666667 0.03586369752883911
25500 0.99 0.03521733731031418
26000 0.9906666666666667 0.03459674492478371
26500 0.9906666666666667 0.033998820930719376
27000 0.991 0.03342081233859062
27500 0.991 0.03286035731434822
28000 0.9913333333333333 0.03231499344110489
28500 0.9913333333333333 0.03178168088197708
29000 0.9916666666666667 0.03125666826963425
29500 0.9913333333333333 0.030735371634364128
30000 0.9913333333333333 0.030212467536330223
30500 0.9916666666666667 0.029681650921702385
31000 0.9916666666666667 0.02913433499634266
31500 0.9916666666666667 0.028552433475852013
32000 0.9916666666666667 0.027893677353858948
32500 0.992 0.02714022994041443
33000 0.9926666666666667 0.02638009563088417
33500 0.9933333333333333 0.025674952194094658
34000 0.9936666666666667 0.025034844875335693
34500 0.9943333333333333 0.024457132443785667
35000 0.995 0.023938000202178955
35500 0.995 0.023472489789128304
36000 0.9956666666666667 0.023053934797644615
36500 0.9956666666666667 0.022675195708870888
37000 0.9953333333333333 0.022329827770590782
37500 0.9956666666666667 0.022012224420905113
38000 0.9956666666666667 0.02171785943210125
38500 0.9956666666666667 0.021443061530590057
39000 0.9956666666666667 0.021184884011745453
39500 0.9956666666666667 0.020940955728292465
