#epoch accuracy cost
0 0.3333333333333333 0.6888750195503235
500 0.515 0.48590776324272156
1000 0.5226666666666666 0.4705198407173157
1500 0.5493333333333333 0.45067906379699707
2000 0.7073333333333334 0.3764927387237549
2500 0.8493333333333334 0.2681490480899811
3000 0.9056666666666666 0.19565565884113312
3500 0.9233333333333333 0.16042877733707428
4000 0.9323333333333333 0.14083772897720337
4500 0.9363333333333334 0.12776614725589752
5000 0.943 0.1178940013051033
5500 0.9496666666666667 0.10978757590055466
6000 0.959 0.10269853472709656
6500 0.9623333333333334 0.09615479409694672
7000 0.9666666666666667 0.08993460983037949
7500 0.9703333333333334 0.08419618755578995
8000 0.972 0.07918613404035568
8500 0.9733333333333334 0.07486874610185623
9000 0.9746666666666667 0.07110322266817093
9500 0.975 0.06776037067174911
10000 0.9763333333333334 0.06473564356565475
10500 0.9783333333333334 0.061941277235746384
11000 0.979 0.05928663909435272
11500 0.9816666666666667 0.056597135961055756
12000 0.9856666666666667 0.05345221981406212
12500 0.988 0.050328053534030914
13000 0.988 0.04770783334970474
13500 0.9886666666666667 0.04550192132592201
14000 0.9883333333333333 0.04358755424618721
14500 0.9886666666666667 0.04188084229826927
15000 0.9893333333333333 0.04033058509230614
15500 0.9896666666666667 0.038905248045921326
16000 0.9903333333333333 0.03758413717150688
16500 0.9906666666666667 0.03635311499238014
17000 0.991 0.035202089697122574
17500 0.9923333333333333 0.03412336856126785
18000 0.9923333333333333 0.03311114013195038
18500 0.9926666666666667 0.03216079622507095
19000 0.9933333333333333 0.0312686413526535
19500 0.994 0.030431358143687248
20000 0.9943333333333333 0.029645904898643494
20500 0.9946666666666667 0.028908858075737953
21000 0.995 0.028216607868671417
21500 0.995 0.02756529673933983
22000 0.9953333333333333 0.026951344683766365
22500 0.9956666666666667 0.026371261104941368
23000 0.9956666666666667 0.025822071358561516
23500 0.9956666666666667 0.025301270186901093
24000 0.9956666666666667 0.024806557223200798
24500 0.9956666666666667 0.024335967376828194
25000 0.9956666666666667 0.023887760937213898
25500 0.996 0.023460395634174347
26000 0.996 0.02305237576365471
26500 0.996 0.022662580013275146
27000 0.996 0.022290002554655075
27500 0.996 0.021933814510703087
28000 0.996 0.02159329503774643
28500 0.996 0.021267831325531006
29000 0.9963333333333333 0.020956825464963913
29500 0.9966666666666667 0.02065970003604889
30000 0.9966666666666667 0.020375840365886688
30500 0.9966666666666667 0.02010457031428814
31000 0.9966666666666667 0.019845232367515564
31500 0.9966666666666667 0.01959717832505703
32000 0.9966666666666667 0.019359661266207695
32500 0.9966666666666667 0.0191319789737463
33000 0.997 0.018913542851805687
33500 0.997 0.01870371215045452
34000 0.997 0.018501881510019302
34500 0.997 0.01830746792256832
35000 0.997 0.01812002621591091
35500 0.997 0.017939088866114616
36000 0.997 0.017764203250408173
36500 0.997 0.01759502664208412
37000 0.997 0.017431199550628662
37500 0.997 0.017272422090172768
38000 0.997 0.017118411138653755
38500 0.997 0.01696881838142872
39000 0.9973333333333333 0.01682354509830475
39500 0.9973333333333333 0.01668226160109043
