#epoch accuracy cost
0 0.3333333333333333 0.6830371022224426
500 0.5136666666666667 0.48268595337867737
1000 0.519 0.4701429009437561
1500 0.5276666666666666 0.4609588086605072
2000 0.5956666666666667 0.41717398166656494
2500 0.7456666666666667 0.3455106019973755
3000 0.8696666666666667 0.24597793817520142
3500 0.9073333333333333 0.18417128920555115
4000 0.9213333333333333 0.15718677639961243
4500 0.9296666666666666 0.14154168963432312
5000 0.9373333333333334 0.12998181581497192
5500 0.9426666666666667 0.1198454201221466
6000 0.948 0.11082230508327484
6500 0.953 0.102999746799469
7000 0.9566666666666667 0.09629476070404053
7500 0.96 0.09055342525243759
8000 0.962 0.08564182370901108
8500 0.965 0.08145473897457123
9000 0.9676666666666667 0.07787616550922394
9500 0.97 0.07478591054677963
10000 0.972 0.07207442820072174
10500 0.973 0.06965139508247375
11000 0.9736666666666667 0.06744816154241562
11500 0.975 0.0654134601354599
12000 0.9763333333333334 0.06350690871477127
12500 0.9763333333333334 0.06169387325644493
13000 0.978 0.059942007064819336
13500 0.979 0.058217763900756836
14000 0.9796666666666667 0.056484710425138474
14500 0.98 0.05471844598650932
15000 0.9803333333333333 0.05294852703809738
15500 0.9833333333333333 0.051218632608652115
16000 0.9853333333333333 0.049527090042829514
16500 0.9856666666666667 0.04786171019077301
17000 0.9863333333333333 0.0462171733379364
17500 0.9873333333333333 0.04459512606263161
18000 0.988 0.042997974902391434
18500 0.989 0.041411906480789185
19000 0.9893333333333333 0.03980833292007446
19500 0.9906666666666667 0.03820596635341644
20000 0.9913333333333333 0.03666301071643829
20500 0.992 0.035221874713897705
21000 0.9923333333333333 0.03391292691230774
21500 0.9926666666666667 0.032737378031015396
22000 0.9926666666666667 0.03167756646871567
22500 0.9936666666666667 0.03071439079940319
23000 0.9936666666666667 0.02983267605304718
23500 0.9943333333333333 0.029021158814430237
24000 0.9946666666666667 0.028271647170186043
24500 0.995 0.02757800742983818
25000 0.995 0.026935378089547157
25500 0.995 0.026339447125792503
26000 0.9956666666666667 0.0257860254496336
26500 0.9956666666666667 0.02527095004916191
27000 0.9956666666666667 0.024790119379758835
27500 0.996 0.024339761584997177
28000 0.996 0.023916462436318398
28500 0.9966666666666667 0.02351716160774231
29000 0.9966666666666667 0.023139383643865585
29500 0.9966666666666667 0.02278093434870243
30000 0.9966666666666667 0.02243986912071705
30500 0.997 0.022114593535661697
31000 0.997 0.02180366963148117
31500 0.997 0.021505920216441154
32000 0.997 0.021220268681645393
32500 0.997 0.02094591222703457
33000 0.997 0.020681893453001976
33500 0.997 0.020427605137228966
34000 0.9973333333333333 0.02018229104578495
34500 0.9973333333333333 0.019945478066802025
35000 0.9973333333333333 0.01971653662621975
35500 0.9973333333333333 0.01949511654675007
36000 0.9973333333333333 0.019280657172203064
36500 0.9973333333333333 0.019072838127613068
37000 0.9973333333333333 0.018871251493692398
37500 0.9973333333333333 0.01867554895579815
38000 0.9973333333333333 0.018485501408576965
38500 0.9973333333333333 0.018300700932741165
39000 0.9973333333333333 0.018120961263775826
39500 0.9973333333333333 0.017945995554327965
