#epoch accuracy cost
0 0.3333333333333333 0.7226606607437134
500 0.522 0.5611934661865234
1000 0.582 0.4751911163330078
1500 0.6106666666666667 0.455539345741272
2000 0.63 0.4396418035030365
2500 0.6373333333333333 0.4287087321281433
3000 0.6403333333333333 0.42038747668266296
3500 0.651 0.4121478497982025
4000 0.6666666666666666 0.40353620052337646
4500 0.7153333333333334 0.39640697836875916
5000 0.7506666666666667 0.391013503074646
5500 0.7573333333333333 0.38684749603271484
6000 0.7616666666666667 0.3835260272026062
6500 0.7633333333333333 0.38079720735549927
7000 0.7633333333333333 0.3784949779510498
7500 0.766 0.37650883197784424
8000 0.7663333333333333 0.37476447224617004
8500 0.7673333333333333 0.37321045994758606
9000 0.7673333333333333 0.37181058526039124
9500 0.768 0.3705383539199829
10000 0.7676666666666667 0.3693738579750061
10500 0.7686666666666667 0.3683019280433655
11000 0.7686666666666667 0.3673105537891388
11500 0.7686666666666667 0.3663893938064575
12000 0.7686666666666667 0.3655306398868561
12500 0.769 0.36472728848457336
13000 0.769 0.36397355794906616
13500 0.76 0.36601200699806213
14000 0.758 0.3664836287498474
14500 0.7563333333333333 0.36659374833106995
15000 0.7553333333333333 0.3666922450065613
15500 0.7556666666666667 0.3667726516723633
16000 0.7563333333333333 0.36684033274650574
16500 0.7556666666666667 0.36689895391464233
17000 0.755 0.36695075035095215
17500 0.756 0.36699795722961426
18000 0.7546666666666667 0.36704158782958984
18500 0.7553333333333333 0.3670824468135834
19000 0.7553333333333333 0.36712101101875305
19500 0.7556666666666667 0.36715787649154663
20000 0.755 0.3671928942203522
20500 0.7546666666666667 0.36722680926322937
21000 0.7543333333333333 0.3672592043876648
21500 0.755 0.3672904372215271
22000 0.7546666666666667 0.3673202395439148
22500 0.755 0.3673487603664398
23000 0.7546666666666667 0.36737605929374695
23500 0.754 0.36740201711654663
24000 0.7543333333333333 0.36742666363716125
24500 0.7543333333333333 0.36744990944862366
25000 0.7543333333333333 0.3674716055393219
25500 0.7543333333333333 0.3674916923046112
26000 0.7543333333333333 0.36751073598861694
26500 0.7543333333333333 0.36752840876579285
27000 0.7543333333333333 0.36754435300827026
27500 0.7543333333333333 0.3675589859485626
28000 0.754 0.3675720989704132
28500 0.754 0.36758366227149963
29000 0.754 0.36759403347969055
29500 0.754 0.36760228872299194
30000 0.754 0.367609441280365
30500 0.754 0.3676152229309082
31000 0.754 0.36761969327926636
31500 0.7543333333333333 0.36762234568595886
32000 0.7543333333333333 0.36762380599975586
32500 0.7543333333333333 0.3676239252090454
33000 0.7543333333333333 0.36762285232543945
33500 0.7546666666666667 0.36762019991874695
34000 0.7546666666666667 0.36761635541915894
34500 0.7543333333333333 0.3676111102104187
35000 0.7543333333333333 0.3676048219203949
35500 0.7543333333333333 0.3675972521305084
36000 0.7543333333333333 0.3675883710384369
36500 0.7543333333333333 0.36757874488830566
37000 0.7543333333333333 0.3675675392150879
37500 0.7543333333333333 0.36755549907684326
38000 0.7546666666666667 0.36754217743873596
38500 0.7546666666666667 0.3675280213356018
39000 0.7546666666666667 0.36751285195350647
39500 0.7546666666666667 0.36749666929244995
