#epoch accuracy cost
0 0.3333333333333333 0.7129188776016235
500 0.5183333333333333 0.5041793584823608
1000 0.5253333333333333 0.46755900979042053
1500 0.5293333333333333 0.45742830634117126
2000 0.5686666666666667 0.4209159314632416
2500 0.7816666666666666 0.3495393991470337
3000 0.8613333333333333 0.3027108609676361
3500 0.887 0.26554515957832336
4000 0.897 0.2361242175102234
4500 0.9093333333333333 0.21574826538562775
5000 0.9173333333333333 0.2014559507369995
5500 0.9263333333333333 0.1910322606563568
6000 0.931 0.18311743438243866
6500 0.933 0.17691951990127563
7000 0.9346666666666666 0.17194995284080505
7500 0.937 0.16788692772388458
8000 0.936 0.16450899839401245
8500 0.937 0.1616591364145279
9000 0.9376666666666666 0.15922343730926514
9500 0.9366666666666666 0.15711748600006104
10000 0.9363333333333334 0.15527774393558502
10500 0.9376666666666666 0.1536555290222168
11000 0.9376666666666666 0.15221305191516876
11500 0.9376666666666666 0.15092061460018158
12000 0.938 0.149754598736763
12500 0.9383333333333334 0.14869587123394012
13000 0.9386666666666666 0.1477290540933609
13500 0.9386666666666666 0.14684142172336578
14000 0.9393333333333334 0.1460224986076355
14500 0.9393333333333334 0.14526352286338806
15000 0.9396666666666667 0.1445571929216385
15500 0.9406666666666667 0.14389735460281372
16000 0.9403333333333334 0.14327870309352875
16500 0.94 0.14269673824310303
17000 0.94 0.1421477049589157
17500 0.94 0.14162825047969818
18000 0.94 0.14113543927669525
18500 0.94 0.14066681265830994
19000 0.94 0.14022018015384674
19500 0.94 0.13979357481002808
20000 0.9396666666666667 0.13938531279563904
20500 0.9393333333333334 0.13899394869804382
21000 0.9393333333333334 0.1386180967092514
21500 0.939 0.13825653493404388
22000 0.9393333333333334 0.1379082351922989
22500 0.9393333333333334 0.13757222890853882
23000 0.9393333333333334 0.13724765181541443
23500 0.9393333333333334 0.13693375885486603
24000 0.9393333333333334 0.1366298496723175
24500 0.9393333333333334 0.13633523881435394
25000 0.939 0.13604937493801117
25500 0.939 0.13577185571193695
26000 0.939 0.13550212979316711
26500 0.939 0.13523972034454346
27000 0.9393333333333334 0.13498429954051971
27500 0.9396666666666667 0.13473550975322723
28000 0.9396666666666667 0.13449308276176453
28500 0.9396666666666667 0.13425663113594055
29000 0.94 0.13402588665485382
29500 0.94 0.13380061089992523
30000 0.94 0.13358063995838165
30500 0.94 0.1333657056093216
31000 0.94 0.13315565884113312
31500 0.94 0.13295026123523712
32000 0.9396666666666667 0.13274940848350525
32500 0.9396666666666667 0.13255292177200317
33000 0.9393333333333334 0.13236068189144135
33500 0.9393333333333334 0.13217246532440186
34000 0.9393333333333334 0.13198819756507874
34500 0.939 0.13180775940418243
35000 0.9386666666666666 0.13163110613822937
35500 0.9383333333333334 0.13145796954631805
36000 0.9386666666666666 0.13128839433193207
36500 0.9386666666666666 0.13112223148345947
37000 0.9386666666666666 0.13095933198928833
37500 0.9386666666666666 0.13079960644245148
38000 0.9386666666666666 0.1306430697441101
38500 0.9386666666666666 0.13048948347568512
39000 0.9386666666666666 0.1303388476371765
39500 0.9386666666666666 0.13019107282161713
