#epoch accuracy cost
0 0.3333333333333333 0.7057905793190002
500 0.5146666666666667 0.501880943775177
1000 0.536 0.4670262932777405
1500 0.547 0.456478089094162
2000 0.5936666666666667 0.42632219195365906
2500 0.76 0.33045321702957153
3000 0.8613333333333333 0.23730699717998505
3500 0.8903333333333333 0.192050501704216
4000 0.9 0.16915036737918854
4500 0.909 0.153960183262825
5000 0.9176666666666666 0.14222125709056854
5500 0.9243333333333333 0.13319039344787598
6000 0.9306666666666666 0.12607958912849426
6500 0.937 0.11969883739948273
7000 0.9423333333333334 0.11319850385189056
7500 0.946 0.10666782408952713
8000 0.952 0.10078977048397064
8500 0.957 0.09574730694293976
9000 0.96 0.09144411981105804
9500 0.964 0.0877930074930191
10000 0.9646666666666667 0.08471407741308212
10500 0.9673333333333334 0.08211969584226608
11000 0.9683333333333334 0.0799243226647377
11500 0.9693333333333334 0.07805339246988297
12000 0.9693333333333334 0.07644554227590561
12500 0.971 0.07505127042531967
13000 0.9716666666666667 0.07383096218109131
13500 0.9713333333333334 0.0727529376745224
14000 0.972 0.07179185748100281
14500 0.9726666666666667 0.07092755287885666
15000 0.9726666666666667 0.07014382630586624
15500 0.9726666666666667 0.06942775100469589
16000 0.973 0.06876891851425171
16500 0.9733333333333334 0.06815896183252335
17000 0.9733333333333334 0.06759106367826462
17500 0.9736666666666667 0.06705968827009201
18000 0.9743333333333334 0.0665602907538414
18500 0.9743333333333334 0.06608907878398895
19000 0.9746666666666667 0.06564293056726456
19500 0.9746666666666667 0.0652192085981369
20000 0.9746666666666667 0.06481562554836273
20500 0.9746666666666667 0.06443028897047043
21000 0.9743333333333334 0.06406154483556747
21500 0.9743333333333334 0.06370795518159866
22000 0.9746666666666667 0.06336833536624908
22500 0.9746666666666667 0.06304153054952621
23000 0.975 0.06272657960653305
23500 0.975 0.06242264807224274
24000 0.975 0.062128957360982895
24500 0.975 0.06184482201933861
25000 0.9753333333333334 0.06156960129737854
25500 0.9756666666666667 0.06130271404981613
26000 0.9756666666666667 0.0610436387360096
26500 0.9756666666666667 0.06079193204641342
27000 0.9756666666666667 0.0605471171438694
27500 0.976 0.060308847576379776
28000 0.976 0.06007669121026993
28500 0.976 0.05985041335225105
29000 0.976 0.05962955579161644
29500 0.976 0.05941392853856087
30000 0.976 0.05920318514108658
30500 0.9763333333333334 0.05899709463119507
31000 0.9763333333333334 0.05879541113972664
31500 0.9763333333333334 0.058597877621650696
32000 0.9766666666666667 0.05840431526303291
32500 0.9766666666666667 0.05821452662348747
33000 0.9766666666666667 0.05802824720740318
33500 0.9766666666666667 0.05784543976187706
34000 0.9766666666666667 0.05766575410962105
34500 0.9766666666666667 0.05748923867940903
35000 0.9766666666666667 0.05731549113988876
35500 0.9766666666666667 0.0571446567773819
36000 0.9766666666666667 0.05697634816169739
36500 0.9766666666666667 0.05681059882044792
37000 0.977 0.05664707347750664
37500 0.977 0.056485895067453384
38000 0.977 0.05632684379816055
38500 0.977 0.056169718503952026
39000 0.977 0.05601470544934273
39500 0.977 0.05586141347885132
