#epoch accuracy cost
0 0.3333333333333333 0.6986743211746216
500 0.516 0.48780202865600586
1000 0.525 0.4680998623371124
1500 0.5543333333333333 0.4462318420410156
2000 0.7046666666666667 0.3730526566505432
2500 0.857 0.301545113325119
3000 0.8936666666666667 0.23538243770599365
3500 0.9 0.19249886274337769
4000 0.908 0.16663719713687897
4500 0.917 0.15010355412960052
5000 0.924 0.13922721147537231
5500 0.9283333333333333 0.1316716969013214
6000 0.9286666666666666 0.12610939145088196
6500 0.9316666666666666 0.12177376449108124
7000 0.9336666666666666 0.11817952245473862
7500 0.9346666666666666 0.114998959004879
8000 0.9363333333333334 0.11199761182069778
8500 0.938 0.10900569707155228
9000 0.9396666666666667 0.10590916126966476
9500 0.943 0.10261775553226471
10000 0.9466666666666667 0.09894063323736191
10500 0.9533333333333334 0.09401329606771469
11000 0.9636666666666667 0.08393239229917526
11500 0.973 0.07519321888685226
12000 0.9773333333333334 0.06887548416852951
12500 0.98 0.06391692906618118
13000 0.982 0.059821970760822296
13500 0.983 0.05633164569735527
14000 0.9843333333333333 0.05330546945333481
14500 0.9853333333333333 0.05067586153745651
15000 0.9856666666666667 0.04841211065649986
15500 0.9866666666666667 0.046457916498184204
16000 0.987 0.04474465548992157
16500 0.9876666666666667 0.043219439685344696
17000 0.9876666666666667 0.04184422641992569
17500 0.989 0.0405910462141037
18000 0.9896666666666667 0.039438579231500626
18500 0.9903333333333333 0.03837044909596443
19000 0.9906666666666667 0.03737407550215721
19500 0.9906666666666667 0.03643966466188431
20000 0.9906666666666667 0.035559456795454025
20500 0.9906666666666667 0.0347275510430336
21000 0.9913333333333333 0.033939238637685776
21500 0.9923333333333333 0.03319081664085388
22000 0.9923333333333333 0.03247923031449318
22500 0.9923333333333333 0.03180202841758728
23000 0.9926666666666667 0.031157130375504494
23500 0.9926666666666667 0.03054269589483738
24000 0.993 0.029957132413983345
24500 0.993 0.02939891256392002
25000 0.993 0.02886664867401123
25500 0.993 0.028359033167362213
26000 0.9936666666666667 0.027874739840626717
26500 0.9943333333333333 0.02741258218884468
27000 0.9943333333333333 0.02697134204208851
27500 0.9943333333333333 0.0265499260276556
28000 0.9943333333333333 0.026147210970520973
28500 0.9943333333333333 0.025762246921658516
29000 0.9943333333333333 0.025394020602107048
29500 0.995 0.02504158951342106
30000 0.995 0.024704068899154663
30500 0.9953333333333333 0.02438061684370041
31000 0.9953333333333333 0.02407042868435383
31500 0.9953333333333333 0.023772722110152245
32000 0.9953333333333333 0.0234869085252285
32500 0.9953333333333333 0.023212287575006485
33000 0.9953333333333333 0.0229481253772974
33500 0.9953333333333333 0.02269393391907215
34000 0.9953333333333333 0.022449178621172905
34500 0.9953333333333333 0.022213226184248924
35000 0.9953333333333333 0.021985765546560287
35500 0.9953333333333333 0.021766135469079018
36000 0.9953333333333333 0.021554064005613327
36500 0.9953333333333333 0.021349070593714714
37000 0.9953333333333333 0.02115081250667572
37500 0.9953333333333333 0.020958853885531425
38000 0.9953333333333333 0.020772920921444893
38500 0.9953333333333333 0.020592667162418365
39000 0.9953333333333333 0.02041773684322834
39500 0.9953333333333333 0.020247897133231163
