0 	 -72.00000000 	 -36.00000000 
1 	 -72.00000000 	 -36.00000000 
2 	 -72.00000000 	 -36.00000000 
3 	 -72.00000000 	 -36.00000000 
4 	 -72.00000000 	 -36.00000000 
5 	 -72.00000000 	 -36.00000000 
6 	 -72.00000000 	 -36.00000000 
7 	 -72.00000000 	 -36.00000000 
8 	 -72.00000000 	 -36.00000000 
9 	 -72.00000000 	 -36.00000000 
10 	 -72.00000000 	 -36.00000000 
11 	 -72.00000000 	 -36.00000000 
12 	 -72.00000000 	 -36.00000000 
13 	 -72.00000000 	 -36.00000000 
14 	 -72.00000000 	 -36.00000000 
15 	 -72.00000000 	 -36.00000000 
16 	 -72.00000000 	 -36.00000000 
17 	 -72.00000000 	 -36.00000000 
18 	 -72.00000000 	 -36.00000000 
19 	 -72.00000000 	 -36.00000000 
20 	 -72.00000000 	 -36.00000000 
21 	 -72.00000000 	 -36.00000000 
22 	 -72.00000000 	 -36.00000000 
23 	 -72.00000000 	 -36.00000000 
24 	 -72.00000000 	 -36.00000000 
25 	 -72.00000000 	 -36.00000000 
26 	 -72.00000000 	 -36.00000000 
27 	 -72.00000000 	 -36.00000000 
28 	 -72.00000000 	 -36.00000000 
29 	 -72.00000000 	 -36.00000000 
30 	 -72.00000000 	 -36.00000000 
31 	 -72.00000000 	 -36.00000000 
32 	 -72.00000000 	 -36.00000000 
33 	 -72.00000000 	 -36.00000000 
34 	 -72.00000000 	 -36.00000000 
35 	 -72.00000000 	 -36.00000000 
36 	 -72.00000000 	 -36.00000000 
37 	 -72.00000000 	 -36.00000000 
38 	 -72.00000000 	 -36.00000000 
39 	 -72.00000000 	 -36.00000000 
40 	 -72.00000000 	 -36.00000000 
41 	 -72.00000000 	 -36.00000000 
42 	 -72.00000000 	 -36.00000000 
43 	 -72.00000000 	 -36.00000000 
44 	 -72.00000000 	 -36.00000000 
45 	 -72.00000000 	 -36.00000000 
46 	 -72.00000000 	 -36.00000000 
47 	 -72.00000000 	 -36.00000000 
48 	 -72.00000000 	 -36.00000000 
49 	 -72.00000000 	 -36.00000000 
50 	 -72.00000000 	 -36.00000000 
51 	 -72.00000000 	 -36.00000000 
52 	 -72.00000000 	 -36.00000000 
53 	 -72.00000000 	 -36.00000000 
54 	 -72.00000000 	 -36.00000000 
55 	 -72.00000000 	 -36.00000000 
56 	 -72.00000000 	 -36.00000000 
57 	 -72.00000000 	 -36.00000000 
58 	 -72.00000000 	 -36.00000000 
59 	 -72.00000000 	 -36.00000000 
60 	 -72.00000000 	 -36.00000000 
61 	 -72.00000000 	 -36.00000000 
62 	 -72.00000000 	 -36.00000000 
63 	 -72.00000000 	 -36.00000000 
64 	 -72.00000000 	 -36.00000000 
65 	 -72.00000000 	 -36.00000000 
66 	 -72.00000000 	 -36.00000000 
67 	 -72.00000000 	 -36.00000000 
68 	 -72.00000000 	 -36.00000000 
69 	 -72.00000000 	 -36.00000000 
70 	 -72.00000000 	 -36.00000000 
71 	 -72.00000000 	 -36.00000000 
72 	 -72.00000000 	 -36.00000000 
73 	 -72.00000000 	 -36.00000000 
74 	 -72.00000000 	 -36.00000000 
75 	 -72.00000000 	 -36.00000000 
76 	 -72.00000000 	 -36.00000000 
77 	 -72.00000000 	 -36.00000000 
78 	 -72.00000000 	 -36.00000000 
79 	 -72.00000000 	 -36.00000000 
80 	 -72.00000000 	 -36.00000000 
81 	 -72.00000000 	 -36.00000000 
82 	 -72.00000000 	 -36.00000000 
83 	 -72.00000000 	 -36.00000000 
84 	 -72.00000000 	 -36.00000000 
85 	 -72.00000000 	 -36.00000000 
86 	 -72.00000000 	 -36.00000000 
87 	 -72.00000000 	 -36.00000000 
88 	 -72.00000000 	 -36.00000000 
89 	 -72.00000000 	 -36.00000000 
90 	 -72.00000000 	 -36.00000000 
91 	 -72.00000000 	 -36.00000000 
92 	 -72.00000000 	 -36.00000000 
93 	 -72.00000000 	 -36.00000000 
94 	 -72.00000000 	 -36.00000000 
95 	 -72.00000000 	 -36.00000000 
96 	 -72.00000000 	 -36.00000000 
97 	 -72.00000000 	 -36.00000000 
98 	 -72.00000000 	 -36.00000000 
99 	 -72.00000000 	 -36.00000000 
100 	 -72.00000000 	 -36.00000000 
101 	 -72.00000000 	 -36.00000000 
102 	 -72.00000000 	 -36.00000000 
103 	 -72.00000000 	 -36.00000000 
104 	 -72.00000000 	 -36.00000000 
105 	 -72.00000000 	 -36.00000000 
106 	 -72.00000000 	 -36.00000000 
107 	 -72.00000000 	 -36.00000000 
108 	 -72.00000000 	 -36.00000000 
109 	 -72.00000000 	 -36.00000000 
110 	 -72.00000000 	 -36.00000000 
111 	 -72.00000000 	 -36.00000000 
112 	 -72.00000000 	 -36.00000000 
113 	 -72.00000000 	 -36.00000000 
114 	 -72.00000000 	 -36.00000000 
115 	 -72.00000000 	 -36.00000000 
116 	 -72.00000000 	 -36.00000000 
117 	 -72.00000000 	 -36.00000000 
118 	 -72.00000000 	 -36.00000000 
119 	 -72.00000000 	 -36.00000000 
120 	 -72.00000000 	 -36.00000000 
121 	 -72.00000000 	 -36.00000000 
122 	 -72.00000000 	 -36.00000000 
123 	 -72.00000000 	 -36.00000000 
124 	 -72.00000000 	 -36.00000000 
125 	 -72.00000000 	 -36.00000000 
126 	 -72.00000000 	 -36.00000000 
127 	 -72.00000000 	 -36.00000000 
128 	 -72.00000000 	 -36.00000000 
129 	 -72.00000000 	 -36.00000000 
130 	 -72.00000000 	 -36.00000000 
131 	 -72.00000000 	 -36.00000000 
132 	 -72.00000000 	 -36.00000000 
133 	 -72.00000000 	 -36.00000000 
134 	 -72.00000000 	 -36.00000000 
135 	 -72.00000000 	 -36.00000000 
136 	 -72.00000000 	 -36.00000000 
137 	 -72.00000000 	 -36.00000000 
138 	 -72.00000000 	 -36.00000000 
139 	 -72.00000000 	 -36.00000000 
140 	 -72.00000000 	 -36.00000000 
141 	 -72.00000000 	 -36.00000000 
142 	 -72.00000000 	 -36.00000000 
143 	 -72.00000000 	 -36.00000000 
144 	 -72.00000000 	 -36.00000000 
145 	 -72.00000000 	 -36.00000000 
146 	 -72.00000000 	 -36.00000000 
147 	 -72.00000000 	 -36.00000000 
148 	 -72.00000000 	 -36.00000000 
149 	 -72.00000000 	 -36.00000000 
150 	 -72.00000000 	 -36.00000000 
151 	 -72.00000000 	 -36.00000000 
152 	 -72.00000000 	 -36.00000000 
153 	 -72.00000000 	 -36.00000000 
154 	 -72.00000000 	 -36.00000000 
155 	 -72.00000000 	 -36.00000000 
156 	 -72.00000000 	 -36.00000000 
157 	 -72.00000000 	 -36.00000000 
158 	 -72.00000000 	 -36.00000000 
159 	 -72.00000000 	 -36.00000000 
160 	 -72.00000000 	 -36.00000000 
161 	 -72.00000000 	 -36.00000000 
162 	 -72.00000000 	 -36.00000000 
163 	 -72.00000000 	 -36.00000000 
164 	 -72.00000000 	 -36.00000000 
165 	 -72.00000000 	 -36.00000000 
166 	 -72.00000000 	 -36.00000000 
167 	 -72.00000000 	 -36.00000000 
168 	 -72.00000000 	 -36.00000000 
169 	 -72.00000000 	 -36.00000000 
170 	 -72.00000000 	 -36.00000000 
171 	 -72.00000000 	 -36.00000000 
172 	 -72.00000000 	 -36.00000000 
173 	 -72.00000000 	 -36.00000000 
174 	 -72.00000000 	 -36.00000000 
175 	 -72.00000000 	 -36.00000000 
176 	 -72.00000000 	 -36.00000000 
177 	 -72.00000000 	 -36.00000000 
178 	 -72.00000000 	 -36.00000000 
179 	 -72.00000000 	 -36.00000000 
180 	 -72.00000000 	 -36.00000000 
181 	 -72.00000000 	 -36.00000000 
182 	 -72.00000000 	 -36.00000000 
183 	 -72.00000000 	 -36.00000000 
184 	 -72.00000000 	 -36.00000000 
185 	 -72.00000000 	 -36.00000000 
186 	 -72.00000000 	 -36.00000000 
187 	 -72.00000000 	 -36.00000000 
188 	 -72.00000000 	 -36.00000000 
189 	 -72.00000000 	 -36.00000000 
190 	 -72.00000000 	 -36.00000000 
191 	 -72.00000000 	 -36.00000000 
192 	 -72.00000000 	 -36.00000000 
193 	 -72.00000000 	 -36.00000000 
194 	 -72.00000000 	 -36.00000000 
195 	 -72.00000000 	 -36.00000000 
196 	 -72.00000000 	 -36.00000000 
197 	 -72.00000000 	 -36.00000000 
198 	 -72.00000000 	 -36.00000000 
199 	 -72.00000000 	 -36.00000000 
200 	 -72.00000000 	 -36.00000000 
201 	 -72.00000000 	 -36.00000000 
202 	 -72.00000000 	 -36.00000000 
203 	 -72.00000000 	 -36.00000000 
204 	 -72.00000000 	 -36.00000000 
205 	 -72.00000000 	 -36.00000000 
206 	 -72.00000000 	 -36.00000000 
207 	 -72.00000000 	 -36.00000000 
208 	 -72.00000000 	 -36.00000000 
209 	 -72.00000000 	 -36.00000000 
210 	 -72.00000000 	 -36.00000000 
211 	 -72.00000000 	 -36.00000000 
212 	 -72.00000000 	 -36.00000000 
213 	 -72.00000000 	 -36.00000000 
214 	 -72.00000000 	 -36.00000000 
215 	 -72.00000000 	 -36.00000000 
216 	 -72.00000000 	 -36.00000000 
217 	 -72.00000000 	 -36.00000000 
218 	 -72.00000000 	 -36.00000000 
219 	 -72.00000000 	 -36.00000000 
220 	 -72.00000000 	 -36.00000000 
221 	 -72.00000000 	 -36.00000000 
222 	 -72.00000000 	 -36.00000000 
223 	 -72.00000000 	 -36.00000000 
224 	 -72.00000000 	 -36.00000000 
225 	 -72.00000000 	 -36.00000000 
226 	 -72.00000000 	 -36.00000000 
227 	 -72.00000000 	 -36.00000000 
228 	 -72.00000000 	 -36.00000000 
229 	 -72.00000000 	 -36.00000000 
230 	 -72.00000000 	 -36.00000000 
231 	 -72.00000000 	 -36.00000000 
232 	 -72.00000000 	 -36.00000000 
233 	 -72.00000000 	 -36.00000000 
234 	 -72.00000000 	 -36.00000000 
235 	 -72.00000000 	 -36.00000000 
236 	 -72.00000000 	 -36.00000000 
237 	 -72.00000000 	 -36.00000000 
238 	 -72.00000000 	 -36.00000000 
239 	 -72.00000000 	 -36.00000000 
240 	 -72.00000000 	 -36.00000000 
241 	 -72.00000000 	 -36.00000000 
242 	 -72.00000000 	 -36.00000000 
243 	 -72.00000000 	 -36.00000000 
244 	 -72.00000000 	 -36.00000000 
245 	 -72.00000000 	 -36.00000000 
246 	 -72.00000000 	 -36.00000000 
247 	 -72.00000000 	 -36.00000000 
248 	 -72.00000000 	 -36.00000000 
249 	 -72.00000000 	 -36.00000000 
250 	 -72.00000000 	 -36.00000000 
251 	 -72.00000000 	 -36.00000000 
252 	 -72.00000000 	 -36.00000000 
253 	 -72.00000000 	 -36.00000000 
254 	 -72.00000000 	 -36.00000000 
255 	 -72.00000000 	 -36.00000000 
256 	 -72.00000000 	 -36.00000000 
257 	 -72.00000000 	 -36.00000000 
258 	 -72.00000000 	 -36.00000000 
259 	 -72.00000000 	 -36.00000000 
260 	 -72.00000000 	 -36.00000000 
261 	 -72.00000000 	 -36.00000000 
262 	 -72.00000000 	 -36.00000000 
263 	 -72.00000000 	 -36.00000000 
264 	 -72.00000000 	 -36.00000000 
265 	 -72.00000000 	 -36.00000000 
266 	 -72.00000000 	 -36.00000000 
267 	 -72.00000000 	 -36.00000000 
268 	 -72.00000000 	 -36.00000000 
269 	 -72.00000000 	 -36.00000000 
270 	 -72.00000000 	 -36.00000000 
271 	 -72.00000000 	 -36.00000000 
272 	 -72.00000000 	 -36.00000000 
273 	 -72.00000000 	 -36.00000000 
274 	 -72.00000000 	 -36.00000000 
275 	 -72.00000000 	 -36.00000000 
276 	 -72.00000000 	 -36.00000000 
277 	 -72.00000000 	 -36.00000000 
278 	 -72.00000000 	 -36.00000000 
279 	 -72.00000000 	 -36.00000000 
280 	 -72.00000000 	 -36.00000000 
281 	 -72.00000000 	 -36.00000000 
282 	 -72.00000000 	 -36.00000000 
283 	 -72.00000000 	 -36.00000000 
284 	 -72.00000000 	 -36.00000000 
285 	 -72.00000000 	 -36.00000000 
286 	 -72.00000000 	 -36.00000000 
287 	 -72.00000000 	 -36.00000000 
288 	 -72.00000000 	 -36.00000000 
289 	 -72.00000000 	 -36.00000000 
290 	 -72.00000000 	 -36.00000000 
291 	 -72.00000000 	 -36.00000000 
292 	 -72.00000000 	 -36.00000000 
293 	 -72.00000000 	 -36.00000000 
294 	 -72.00000000 	 -36.00000000 
295 	 -72.00000000 	 -36.00000000 
296 	 -72.00000000 	 -36.00000000 
297 	 -72.00000000 	 -36.00000000 
298 	 -72.00000000 	 -36.00000000 
299 	 -72.00000000 	 -36.00000000 
300 	 -72.00000000 	 -36.00000000 
301 	 -72.00000000 	 -36.00000000 
302 	 -72.00000000 	 -36.00000000 
303 	 -72.00000000 	 -36.00000000 
304 	 -72.00000000 	 -36.00000000 
305 	 -72.00000000 	 -36.00000000 
306 	 -72.00000000 	 -36.00000000 
307 	 -72.00000000 	 -36.00000000 
308 	 -72.00000000 	 -36.00000000 
309 	 -72.00000000 	 -36.00000000 
310 	 -72.00000000 	 -36.00000000 
311 	 -72.00000000 	 -36.00000000 
312 	 -72.00000000 	 -36.00000000 
313 	 -72.00000000 	 -36.00000000 
314 	 -72.00000000 	 -36.00000000 
315 	 -72.00000000 	 -36.00000000 
316 	 -72.00000000 	 -36.00000000 
317 	 -72.00000000 	 -36.00000000 
318 	 -72.00000000 	 -36.00000000 
319 	 -72.00000000 	 -36.00000000 
320 	 -72.00000000 	 -36.00000000 
321 	 -72.00000000 	 -36.00000000 
322 	 -72.00000000 	 -36.00000000 
323 	 -72.00000000 	 -36.00000000 
324 	 -72.00000000 	 -36.00000000 
325 	 -72.00000000 	 -36.00000000 
326 	 -72.00000000 	 -36.00000000 
327 	 -72.00000000 	 -36.00000000 
328 	 -72.00000000 	 -36.00000000 
329 	 -72.00000000 	 -36.00000000 
330 	 -72.00000000 	 -36.00000000 
331 	 -72.00000000 	 -36.00000000 
332 	 -72.00000000 	 -36.00000000 
333 	 -72.00000000 	 -36.00000000 
334 	 -72.00000000 	 -36.00000000 
335 	 -72.00000000 	 -36.00000000 
336 	 -72.00000000 	 -36.00000000 
337 	 -72.00000000 	 -36.00000000 
338 	 -72.00000000 	 -36.00000000 
339 	 -72.00000000 	 -36.00000000 
340 	 -72.00000000 	 -36.00000000 
341 	 -72.00000000 	 -36.00000000 
342 	 -72.00000000 	 -36.00000000 
343 	 -72.00000000 	 -36.00000000 
344 	 -72.00000000 	 -36.00000000 
345 	 -72.00000000 	 -36.00000000 
346 	 -72.00000000 	 -36.00000000 
347 	 -72.00000000 	 -36.00000000 
348 	 -72.00000000 	 -36.00000000 
349 	 -72.00000000 	 -36.00000000 
350 	 -72.00000000 	 -36.00000000 
351 	 -72.00000000 	 -36.00000000 
352 	 -72.00000000 	 -36.00000000 
353 	 -72.00000000 	 -36.00000000 
354 	 -72.00000000 	 -36.00000000 
355 	 -72.00000000 	 -36.00000000 
356 	 -72.00000000 	 -36.00000000 
357 	 -72.00000000 	 -36.00000000 
358 	 -72.00000000 	 -36.00000000 
359 	 -72.00000000 	 -36.00000000 
360 	 -72.00000000 	 -36.00000000 
361 	 -72.00000000 	 -36.00000000 
362 	 -72.00000000 	 -36.00000000 
363 	 -72.00000000 	 -36.00000000 
364 	 -72.00000000 	 -36.00000000 
365 	 -72.00000000 	 -36.00000000 
366 	 -72.00000000 	 -36.00000000 
367 	 -72.00000000 	 -36.00000000 
368 	 -72.00000000 	 -36.00000000 
369 	 -72.00000000 	 -36.00000000 
370 	 -72.00000000 	 -36.00000000 
371 	 -72.00000000 	 -36.00000000 
372 	 -72.00000000 	 -36.00000000 
373 	 -72.00000000 	 -36.00000000 
374 	 -72.00000000 	 -36.00000000 
375 	 -72.00000000 	 -36.00000000 
376 	 -72.00000000 	 -36.00000000 
377 	 -72.00000000 	 -36.00000000 
378 	 -72.00000000 	 -36.00000000 
379 	 -72.00000000 	 -36.00000000 
380 	 -72.00000000 	 -36.00000000 
381 	 -72.00000000 	 -36.00000000 
382 	 -72.00000000 	 -36.00000000 
383 	 -72.00000000 	 -36.00000000 
384 	 -72.00000000 	 -36.00000000 
385 	 -72.00000000 	 -36.00000000 
386 	 -72.00000000 	 -36.00000000 
387 	 -72.00000000 	 -36.00000000 
388 	 -72.00000000 	 -36.00000000 
389 	 -72.00000000 	 -36.00000000 
390 	 -72.00000000 	 -36.00000000 
391 	 -72.00000000 	 -36.00000000 
392 	 -72.00000000 	 -36.00000000 
393 	 -72.00000000 	 -36.00000000 
394 	 -72.00000000 	 -36.00000000 
395 	 -72.00000000 	 -36.00000000 
396 	 -72.00000000 	 -36.00000000 
397 	 -72.00000000 	 -36.00000000 
398 	 -72.00000000 	 -36.00000000 
399 	 -72.00000000 	 -36.00000000 
400 	 -72.00000000 	 -36.00000000 
401 	 -72.00000000 	 -36.00000000 
402 	 -72.00000000 	 -36.00000000 
403 	 -72.00000000 	 -36.00000000 
404 	 -72.00000000 	 -36.00000000 
405 	 -72.00000000 	 -36.00000000 
406 	 -72.00000000 	 -36.00000000 
407 	 -72.00000000 	 -36.00000000 
408 	 -72.00000000 	 -36.00000000 
409 	 -72.00000000 	 -36.00000000 
410 	 -72.00000000 	 -36.00000000 
411 	 -72.00000000 	 -36.00000000 
412 	 -72.00000000 	 -36.00000000 
413 	 -72.00000000 	 -36.00000000 
414 	 -72.00000000 	 -36.00000000 
415 	 -72.00000000 	 -36.00000000 
416 	 -72.00000000 	 -36.00000000 
417 	 -72.00000000 	 -36.00000000 
418 	 -72.00000000 	 -36.00000000 
419 	 -72.00000000 	 -36.00000000 
420 	 -72.00000000 	 -36.00000000 
421 	 -72.00000000 	 -36.00000000 
422 	 -72.00000000 	 -36.00000000 
423 	 -72.00000000 	 -36.00000000 
424 	 -72.00000000 	 -36.00000000 
425 	 -72.00000000 	 -36.00000000 
426 	 -72.00000000 	 -36.00000000 
427 	 -72.00000000 	 -36.00000000 
428 	 -72.00000000 	 -36.00000000 
429 	 -72.00000000 	 -36.00000000 
430 	 -72.00000000 	 -36.00000000 
431 	 -72.00000000 	 -36.00000000 
432 	 -72.00000000 	 -36.00000000 
433 	 -72.00000000 	 -36.00000000 
434 	 -72.00000000 	 -36.00000000 
435 	 -72.00000000 	 -36.00000000 
436 	 -72.00000000 	 -36.00000000 
437 	 -72.00000000 	 -36.00000000 
438 	 -72.00000000 	 -36.00000000 
439 	 -72.00000000 	 -36.00000000 
440 	 -72.00000000 	 -36.00000000 
441 	 -72.00000000 	 -36.00000000 
442 	 -72.00000000 	 -36.00000000 
443 	 -72.00000000 	 -36.00000000 
444 	 -72.00000000 	 -36.00000000 
445 	 -72.00000000 	 -36.00000000 
446 	 -72.00000000 	 -36.00000000 
447 	 -72.00000000 	 -36.00000000 
448 	 -72.00000000 	 -36.00000000 
449 	 -72.00000000 	 -36.00000000 
450 	 -72.00000000 	 -36.00000000 
451 	 -72.00000000 	 -36.00000000 
452 	 -72.00000000 	 -36.00000000 
453 	 -72.00000000 	 -36.00000000 
454 	 -72.00000000 	 -36.00000000 
455 	 -72.00000000 	 -36.00000000 
456 	 -72.00000000 	 -36.00000000 
457 	 -72.00000000 	 -36.00000000 
458 	 -72.00000000 	 -36.00000000 
459 	 -72.00000000 	 -36.00000000 
460 	 -72.00000000 	 -36.00000000 
461 	 -72.00000000 	 -36.00000000 
462 	 -72.00000000 	 -36.00000000 
463 	 -72.00000000 	 -36.00000000 
464 	 -72.00000000 	 -36.00000000 
465 	 -72.00000000 	 -36.00000000 
466 	 -72.00000000 	 -36.00000000 
467 	 -72.00000000 	 -36.00000000 
468 	 -72.00000000 	 -36.00000000 
469 	 -72.00000000 	 -36.00000000 
470 	 -72.00000000 	 -36.00000000 
471 	 -72.00000000 	 -36.00000000 
472 	 -72.00000000 	 -36.00000000 
473 	 -72.00000000 	 -36.00000000 
474 	 -72.00000000 	 -36.00000000 
475 	 -72.00000000 	 -36.00000000 
476 	 -72.00000000 	 -36.00000000 
477 	 -72.00000000 	 -36.00000000 
478 	 -72.00000000 	 -36.00000000 
479 	 -72.00000000 	 -36.00000000 
480 	 -72.00000000 	 -36.00000000 
481 	 -72.00000000 	 -36.00000000 
482 	 -72.00000000 	 -36.00000000 
483 	 -72.00000000 	 -36.00000000 
484 	 -72.00000000 	 -36.00000000 
485 	 -72.00000000 	 -36.00000000 
486 	 -72.00000000 	 -36.00000000 
487 	 -72.00000000 	 -36.00000000 
488 	 -72.00000000 	 -36.00000000 
489 	 -72.00000000 	 -36.00000000 
490 	 -72.00000000 	 -36.00000000 
491 	 -72.00000000 	 -36.00000000 
492 	 -72.00000000 	 -36.00000000 
493 	 -72.00000000 	 -36.00000000 
494 	 -72.00000000 	 -36.00000000 
495 	 -72.00000000 	 -36.00000000 
496 	 -72.00000000 	 -36.00000000 
497 	 -72.00000000 	 -36.00000000 
498 	 -72.00000000 	 -36.00000000 
499 	 -72.00000000 	 -36.00000000 
500 	 -72.00000000 	 -36.00000000 
501 	 -72.00000000 	 -36.00000000 
502 	 -72.00000000 	 -36.00000000 
503 	 -72.00000000 	 -36.00000000 
504 	 -72.00000000 	 -36.00000000 
505 	 -72.00000000 	 -36.00000000 
506 	 -72.00000000 	 -36.00000000 
507 	 -72.00000000 	 -36.00000000 
508 	 -72.00000000 	 -36.00000000 
509 	 -72.00000000 	 -36.00000000 
510 	 -72.00000000 	 -36.00000000 
511 	 -72.00000000 	 -36.00000000 
512 	 -72.00000000 	 -36.00000000 
513 	 -72.00000000 	 -36.00000000 
514 	 -72.00000000 	 -36.00000000 
515 	 -72.00000000 	 -36.00000000 
516 	 -72.00000000 	 -36.00000000 
517 	 -72.00000000 	 -36.00000000 
518 	 -72.00000000 	 -36.00000000 
519 	 -72.00000000 	 -36.00000000 
520 	 -72.00000000 	 -36.00000000 
521 	 -72.00000000 	 -36.00000000 
522 	 -72.00000000 	 -36.00000000 
523 	 -72.00000000 	 -36.00000000 
524 	 -72.00000000 	 -36.00000000 
525 	 -72.00000000 	 -36.00000000 
526 	 -72.00000000 	 -36.00000000 
527 	 -72.00000000 	 -36.00000000 
528 	 -72.00000000 	 -36.00000000 
529 	 -72.00000000 	 -36.00000000 
530 	 -72.00000000 	 -36.00000000 
531 	 -72.00000000 	 -36.00000000 
532 	 -72.00000000 	 -36.00000000 
533 	 -72.00000000 	 -36.00000000 
534 	 -72.00000000 	 -36.00000000 
535 	 -72.00000000 	 -36.00000000 
536 	 -72.00000000 	 -36.00000000 
537 	 -72.00000000 	 -36.00000000 
538 	 -72.00000000 	 -36.00000000 
539 	 -72.00000000 	 -36.00000000 
540 	 -72.00000000 	 -36.00000000 
541 	 -72.00000000 	 -36.00000000 
542 	 -72.00000000 	 -36.00000000 
543 	 -72.00000000 	 -36.00000000 
544 	 -72.00000000 	 -36.00000000 
545 	 -72.00000000 	 -36.00000000 
546 	 -72.00000000 	 -36.00000000 
547 	 -72.00000000 	 -36.00000000 
548 	 -72.00000000 	 -36.00000000 
549 	 -72.00000000 	 -36.00000000 
550 	 -72.00000000 	 -36.00000000 
551 	 -72.00000000 	 -36.00000000 
552 	 -72.00000000 	 -36.00000000 
553 	 -72.00000000 	 -36.00000000 
554 	 -72.00000000 	 -36.00000000 
555 	 -72.00000000 	 -36.00000000 
556 	 -72.00000000 	 -36.00000000 
557 	 -72.00000000 	 -36.00000000 
558 	 -72.00000000 	 -36.00000000 
559 	 -72.00000000 	 -36.00000000 
560 	 -72.00000000 	 -36.00000000 
561 	 -72.00000000 	 -36.00000000 
562 	 -72.00000000 	 -36.00000000 
563 	 -72.00000000 	 -36.00000000 
564 	 -72.00000000 	 -36.00000000 
565 	 -72.00000000 	 -36.00000000 
566 	 -72.00000000 	 -36.00000000 
567 	 -72.00000000 	 -36.00000000 
568 	 -72.00000000 	 -36.00000000 
569 	 -72.00000000 	 -36.00000000 
570 	 -72.00000000 	 -36.00000000 
571 	 -72.00000000 	 -36.00000000 
572 	 -72.00000000 	 -36.00000000 
573 	 -72.00000000 	 -36.00000000 
574 	 -72.00000000 	 -36.00000000 
575 	 -72.00000000 	 -36.00000000 
576 	 -72.00000000 	 -36.00000000 
577 	 -72.00000000 	 -36.00000000 
578 	 -72.00000000 	 -36.00000000 
579 	 -72.00000000 	 -36.00000000 
580 	 -72.00000000 	 -36.00000000 
581 	 -72.00000000 	 -36.00000000 
582 	 -72.00000000 	 -36.00000000 
583 	 -72.00000000 	 -36.00000000 
584 	 -72.00000000 	 -36.00000000 
585 	 -72.00000000 	 -36.00000000 
586 	 -72.00000000 	 -36.00000000 
587 	 -72.00000000 	 -36.00000000 
588 	 -72.00000000 	 -36.00000000 
589 	 -72.00000000 	 -36.00000000 
590 	 -72.00000000 	 -36.00000000 
591 	 -72.00000000 	 -36.00000000 
592 	 -72.00000000 	 -36.00000000 
593 	 -72.00000000 	 -36.00000000 
594 	 -72.00000000 	 -36.00000000 
595 	 -72.00000000 	 -36.00000000 
596 	 -72.00000000 	 -36.00000000 
597 	 -72.00000000 	 -36.00000000 
598 	 -72.00000000 	 -36.00000000 
599 	 -72.00000000 	 -36.00000000 
600 	 -72.00000000 	 -36.00000000 
601 	 -72.00000000 	 -36.00000000 
602 	 -72.00000000 	 -36.00000000 
603 	 -72.00000000 	 -36.00000000 
604 	 -72.00000000 	 -36.00000000 
605 	 -72.00000000 	 -36.00000000 
606 	 -72.00000000 	 -36.00000000 
607 	 -72.00000000 	 -36.00000000 
608 	 -72.00000000 	 -36.00000000 
609 	 -72.00000000 	 -36.00000000 
610 	 -72.00000000 	 -36.00000000 
611 	 -72.00000000 	 -36.00000000 
612 	 -72.00000000 	 -36.00000000 
613 	 -72.00000000 	 -36.00000000 
614 	 -72.00000000 	 -36.00000000 
615 	 -72.00000000 	 -36.00000000 
616 	 -72.00000000 	 -36.00000000 
617 	 -72.00000000 	 -36.00000000 
618 	 -72.00000000 	 -36.00000000 
619 	 -72.00000000 	 -36.00000000 
620 	 -72.00000000 	 -36.00000000 
621 	 -72.00000000 	 -36.00000000 
622 	 -72.00000000 	 -36.00000000 
623 	 -72.00000000 	 -36.00000000 
624 	 -72.00000000 	 -36.00000000 
625 	 -72.00000000 	 -36.00000000 
626 	 -72.00000000 	 -36.00000000 
627 	 -72.00000000 	 -36.00000000 
628 	 -72.00000000 	 -36.00000000 
629 	 -72.00000000 	 -36.00000000 
630 	 -72.00000000 	 -36.00000000 
631 	 -72.00000000 	 -36.00000000 
632 	 -72.00000000 	 -36.00000000 
633 	 -72.00000000 	 -36.00000000 
634 	 -72.00000000 	 -36.00000000 
635 	 -72.00000000 	 -36.00000000 
636 	 -72.00000000 	 -36.00000000 
637 	 -72.00000000 	 -36.00000000 
638 	 -72.00000000 	 -36.00000000 
639 	 -72.00000000 	 -36.00000000 
640 	 -72.00000000 	 -36.00000000 
641 	 -72.00000000 	 -36.00000000 
642 	 -72.00000000 	 -36.00000000 
643 	 -72.00000000 	 -36.00000000 
644 	 -72.00000000 	 -36.00000000 
645 	 -72.00000000 	 -36.00000000 
646 	 -72.00000000 	 -36.00000000 
647 	 -72.00000000 	 -36.00000000 
648 	 -72.00000000 	 -36.00000000 
649 	 -72.00000000 	 -36.00000000 
650 	 -72.00000000 	 -36.00000000 
651 	 -72.00000000 	 -36.00000000 
652 	 -72.00000000 	 -36.00000000 
653 	 -72.00000000 	 -36.00000000 
654 	 -72.00000000 	 -36.00000000 
655 	 -72.00000000 	 -36.00000000 
656 	 -72.00000000 	 -36.00000000 
657 	 -72.00000000 	 -36.00000000 
658 	 -72.00000000 	 -36.00000000 
659 	 -72.00000000 	 -36.00000000 
660 	 -72.00000000 	 -36.00000000 
661 	 -72.00000000 	 -36.00000000 
662 	 -72.00000000 	 -36.00000000 
663 	 -72.00000000 	 -36.00000000 
664 	 -72.00000000 	 -36.00000000 
665 	 -72.00000000 	 -36.00000000 
666 	 -72.00000000 	 -36.00000000 
667 	 -72.00000000 	 -36.00000000 
668 	 -72.00000000 	 -36.00000000 
669 	 -72.00000000 	 -36.00000000 
670 	 -72.00000000 	 -36.00000000 
671 	 -72.00000000 	 -36.00000000 
672 	 -72.00000000 	 -36.00000000 
673 	 -72.00000000 	 -36.00000000 
674 	 -72.00000000 	 -36.00000000 
675 	 -72.00000000 	 -36.00000000 
676 	 -72.00000000 	 -36.00000000 
677 	 -72.00000000 	 -36.00000000 
678 	 -72.00000000 	 -36.00000000 
679 	 -72.00000000 	 -36.00000000 
680 	 -72.00000000 	 -36.00000000 
681 	 -72.00000000 	 -36.00000000 
682 	 -72.00000000 	 -36.00000000 
683 	 -72.00000000 	 -36.00000000 
684 	 -72.00000000 	 -36.00000000 
685 	 -72.00000000 	 -36.00000000 
686 	 -72.00000000 	 -36.00000000 
687 	 -72.00000000 	 -36.00000000 
688 	 -72.00000000 	 -36.00000000 
689 	 -72.00000000 	 -36.00000000 
690 	 -72.00000000 	 -36.00000000 
691 	 -72.00000000 	 -36.00000000 
692 	 -72.00000000 	 -36.00000000 
693 	 -72.00000000 	 -36.00000000 
694 	 -72.00000000 	 -36.00000000 
695 	 -72.00000000 	 -36.00000000 
696 	 -72.00000000 	 -36.00000000 
697 	 -72.00000000 	 -36.00000000 
698 	 -72.00000000 	 -36.00000000 
699 	 -72.00000000 	 -36.00000000 
700 	 -72.00000000 	 -36.00000000 
701 	 -72.00000000 	 -36.00000000 
702 	 -72.00000000 	 -36.00000000 
703 	 -72.00000000 	 -36.00000000 
704 	 -72.00000000 	 -36.00000000 
705 	 -72.00000000 	 -36.00000000 
706 	 -72.00000000 	 -36.00000000 
707 	 -72.00000000 	 -36.00000000 
708 	 -72.00000000 	 -36.00000000 
709 	 -72.00000000 	 -36.00000000 
710 	 -72.00000000 	 -36.00000000 
711 	 -72.00000000 	 -36.00000000 
712 	 -72.00000000 	 -36.00000000 
713 	 -72.00000000 	 -36.00000000 
714 	 -72.00000000 	 -36.00000000 
715 	 -72.00000000 	 -36.00000000 
716 	 -72.00000000 	 -36.00000000 
717 	 -72.00000000 	 -36.00000000 
718 	 -72.00000000 	 -36.00000000 
719 	 -72.00000000 	 -36.00000000 
720 	 -72.00000000 	 -36.00000000 
721 	 -72.00000000 	 -36.00000000 
722 	 -72.00000000 	 -36.00000000 
723 	 -72.00000000 	 -36.00000000 
724 	 -72.00000000 	 -36.00000000 
725 	 -72.00000000 	 -36.00000000 
726 	 -72.00000000 	 -36.00000000 
727 	 -72.00000000 	 -36.00000000 
728 	 -72.00000000 	 -36.00000000 
729 	 -72.00000000 	 -36.00000000 
730 	 -72.00000000 	 -36.00000000 
731 	 -72.00000000 	 -36.00000000 
732 	 -72.00000000 	 -36.00000000 
733 	 -72.00000000 	 -36.00000000 
734 	 -72.00000000 	 -36.00000000 
735 	 -72.00000000 	 -36.00000000 
736 	 -72.00000000 	 -36.00000000 
737 	 -72.00000000 	 -36.00000000 
738 	 -72.00000000 	 -36.00000000 
739 	 -72.00000000 	 -36.00000000 
740 	 -72.00000000 	 -36.00000000 
741 	 -72.00000000 	 -36.00000000 
742 	 -72.00000000 	 -36.00000000 
743 	 -72.00000000 	 -36.00000000 
744 	 -72.00000000 	 -36.00000000 
745 	 -72.00000000 	 -36.00000000 
746 	 -72.00000000 	 -36.00000000 
747 	 -72.00000000 	 -36.00000000 
748 	 -72.00000000 	 -36.00000000 
749 	 -72.00000000 	 -36.00000000 
750 	 -72.00000000 	 -36.00000000 
751 	 -72.00000000 	 -36.00000000 
752 	 -72.00000000 	 -36.00000000 
753 	 -72.00000000 	 -36.00000000 
754 	 -72.00000000 	 -36.00000000 
755 	 -72.00000000 	 -36.00000000 
756 	 -72.00000000 	 -36.00000000 
757 	 -72.00000000 	 -36.00000000 
758 	 -72.00000000 	 -36.00000000 
759 	 -72.00000000 	 -36.00000000 
760 	 -72.00000000 	 -36.00000000 
761 	 -72.00000000 	 -36.00000000 
762 	 -72.00000000 	 -36.00000000 
763 	 -72.00000000 	 -36.00000000 
764 	 -72.00000000 	 -36.00000000 
765 	 -72.00000000 	 -36.00000000 
766 	 -72.00000000 	 -36.00000000 
767 	 -72.00000000 	 -36.00000000 
768 	 -72.00000000 	 -36.00000000 
769 	 -72.00000000 	 -36.00000000 
770 	 -72.00000000 	 -36.00000000 
771 	 -72.00000000 	 -36.00000000 
772 	 -72.00000000 	 -36.00000000 
773 	 -72.00000000 	 -36.00000000 
774 	 -72.00000000 	 -36.00000000 
775 	 -72.00000000 	 -36.00000000 
776 	 -72.00000000 	 -36.00000000 
777 	 -72.00000000 	 -36.00000000 
778 	 -72.00000000 	 -36.00000000 
779 	 -72.00000000 	 -36.00000000 
780 	 -72.00000000 	 -36.00000000 
781 	 -72.00000000 	 -36.00000000 
782 	 -72.00000000 	 -36.00000000 
783 	 -72.00000000 	 -36.00000000 
784 	 -72.00000000 	 -36.00000000 
785 	 -72.00000000 	 -36.00000000 
786 	 -72.00000000 	 -36.00000000 
787 	 -72.00000000 	 -36.00000000 
788 	 -72.00000000 	 -36.00000000 
789 	 -72.00000000 	 -36.00000000 
790 	 -72.00000000 	 -36.00000000 
791 	 -72.00000000 	 -36.00000000 
792 	 -72.00000000 	 -36.00000000 
793 	 -72.00000000 	 -36.00000000 
794 	 -72.00000000 	 -36.00000000 
795 	 -72.00000000 	 -36.00000000 
796 	 -72.00000000 	 -36.00000000 
797 	 -72.00000000 	 -36.00000000 
798 	 -72.00000000 	 -36.00000000 
799 	 -72.00000000 	 -36.00000000 
800 	 -72.00000000 	 -36.00000000 
801 	 -72.00000000 	 -36.00000000 
802 	 -72.00000000 	 -36.00000000 
803 	 -72.00000000 	 -36.00000000 
804 	 -72.00000000 	 -36.00000000 
805 	 -72.00000000 	 -36.00000000 
806 	 -72.00000000 	 -36.00000000 
807 	 -72.00000000 	 -36.00000000 
808 	 -72.00000000 	 -36.00000000 
809 	 -72.00000000 	 -36.00000000 
810 	 -72.00000000 	 -36.00000000 
811 	 -72.00000000 	 -36.00000000 
812 	 -72.00000000 	 -36.00000000 
813 	 -72.00000000 	 -36.00000000 
814 	 -72.00000000 	 -36.00000000 
815 	 -72.00000000 	 -36.00000000 
816 	 -72.00000000 	 -36.00000000 
817 	 -72.00000000 	 -36.00000000 
818 	 -72.00000000 	 -36.00000000 
819 	 -72.00000000 	 -36.00000000 
820 	 -72.00000000 	 -36.00000000 
821 	 -72.00000000 	 -36.00000000 
822 	 -72.00000000 	 -36.00000000 
823 	 -72.00000000 	 -36.00000000 
824 	 -72.00000000 	 -36.00000000 
825 	 -72.00000000 	 -36.00000000 
826 	 -72.00000000 	 -36.00000000 
827 	 -72.00000000 	 -36.00000000 
828 	 -72.00000000 	 -36.00000000 
829 	 -72.00000000 	 -36.00000000 
830 	 -72.00000000 	 -36.00000000 
831 	 -72.00000000 	 -36.00000000 
832 	 -72.00000000 	 -36.00000000 
833 	 -72.00000000 	 -36.00000000 
834 	 -72.00000000 	 -36.00000000 
835 	 -72.00000000 	 -36.00000000 
836 	 -72.00000000 	 -36.00000000 
837 	 -72.00000000 	 -36.00000000 
838 	 -72.00000000 	 -36.00000000 
839 	 -72.00000000 	 -36.00000000 
840 	 -72.00000000 	 -36.00000000 
841 	 -72.00000000 	 -36.00000000 
842 	 -72.00000000 	 -36.00000000 
843 	 -72.00000000 	 -36.00000000 
844 	 -72.00000000 	 -36.00000000 
845 	 -72.00000000 	 -36.00000000 
846 	 -72.00000000 	 -36.00000000 
847 	 -72.00000000 	 -36.00000000 
848 	 -72.00000000 	 -36.00000000 
849 	 -72.00000000 	 -36.00000000 
850 	 -72.00000000 	 -36.00000000 
851 	 -72.00000000 	 -36.00000000 
852 	 -72.00000000 	 -36.00000000 
853 	 -72.00000000 	 -36.00000000 
854 	 -72.00000000 	 -36.00000000 
855 	 -72.00000000 	 -36.00000000 
856 	 -72.00000000 	 -36.00000000 
857 	 -72.00000000 	 -36.00000000 
858 	 -72.00000000 	 -36.00000000 
859 	 -72.00000000 	 -36.00000000 
860 	 -72.00000000 	 -36.00000000 
861 	 -72.00000000 	 -36.00000000 
862 	 -72.00000000 	 -36.00000000 
863 	 -72.00000000 	 -36.00000000 
864 	 -72.00000000 	 -36.00000000 
865 	 -72.00000000 	 -36.00000000 
866 	 -72.00000000 	 -36.00000000 
867 	 -72.00000000 	 -36.00000000 
868 	 -72.00000000 	 -36.00000000 
869 	 -72.00000000 	 -36.00000000 
870 	 -72.00000000 	 -36.00000000 
871 	 -72.00000000 	 -36.00000000 
872 	 -72.00000000 	 -36.00000000 
873 	 -72.00000000 	 -36.00000000 
874 	 -72.00000000 	 -36.00000000 
875 	 -72.00000000 	 -36.00000000 
876 	 -72.00000000 	 -36.00000000 
877 	 -72.00000000 	 -36.00000000 
878 	 -72.00000000 	 -36.00000000 
879 	 -72.00000000 	 -36.00000000 
880 	 -72.00000000 	 -36.00000000 
881 	 -72.00000000 	 -36.00000000 
882 	 -72.00000000 	 -36.00000000 
883 	 -72.00000000 	 -36.00000000 
884 	 -72.00000000 	 -36.00000000 
885 	 -72.00000000 	 -36.00000000 
886 	 -72.00000000 	 -36.00000000 
887 	 -72.00000000 	 -36.00000000 
888 	 -72.00000000 	 -36.00000000 
889 	 -72.00000000 	 -36.00000000 
890 	 -72.00000000 	 -36.00000000 
891 	 -72.00000000 	 -36.00000000 
892 	 -72.00000000 	 -36.00000000 
893 	 -72.00000000 	 -36.00000000 
894 	 -72.00000000 	 -36.00000000 
895 	 -72.00000000 	 -36.00000000 
896 	 -72.00000000 	 -36.00000000 
897 	 -72.00000000 	 -36.00000000 
898 	 -72.00000000 	 -36.00000000 
899 	 -72.00000000 	 -36.00000000 
900 	 -72.00000000 	 -36.00000000 
901 	 -72.00000000 	 -36.00000000 
902 	 -72.00000000 	 -36.00000000 
903 	 -72.00000000 	 -36.00000000 
904 	 -72.00000000 	 -36.00000000 
905 	 -72.00000000 	 -36.00000000 
906 	 -72.00000000 	 -36.00000000 
907 	 -72.00000000 	 -36.00000000 
908 	 -72.00000000 	 -36.00000000 
909 	 -72.00000000 	 -36.00000000 
910 	 -72.00000000 	 -36.00000000 
911 	 -72.00000000 	 -36.00000000 
912 	 -72.00000000 	 -36.00000000 
913 	 -72.00000000 	 -36.00000000 
914 	 -72.00000000 	 -36.00000000 
915 	 -72.00000000 	 -36.00000000 
916 	 -72.00000000 	 -36.00000000 
917 	 -72.00000000 	 -36.00000000 
918 	 -72.00000000 	 -36.00000000 
919 	 -72.00000000 	 -36.00000000 
920 	 -72.00000000 	 -36.00000000 
921 	 -72.00000000 	 -36.00000000 
922 	 -72.00000000 	 -36.00000000 
923 	 -72.00000000 	 -36.00000000 
924 	 -72.00000000 	 -36.00000000 
925 	 -72.00000000 	 -36.00000000 
926 	 -72.00000000 	 -36.00000000 
927 	 -72.00000000 	 -36.00000000 
928 	 -72.00000000 	 -36.00000000 
929 	 -72.00000000 	 -36.00000000 
930 	 -72.00000000 	 -36.00000000 
931 	 -72.00000000 	 -36.00000000 
932 	 -72.00000000 	 -36.00000000 
933 	 -72.00000000 	 -36.00000000 
934 	 -72.00000000 	 -36.00000000 
935 	 -72.00000000 	 -36.00000000 
936 	 -72.00000000 	 -36.00000000 
937 	 -72.00000000 	 -36.00000000 
938 	 -72.00000000 	 -36.00000000 
939 	 -72.00000000 	 -36.00000000 
940 	 -72.00000000 	 -36.00000000 
941 	 -72.00000000 	 -36.00000000 
942 	 -72.00000000 	 -36.00000000 
943 	 -72.00000000 	 -36.00000000 
944 	 -72.00000000 	 -36.00000000 
945 	 -72.00000000 	 -36.00000000 
946 	 -72.00000000 	 -36.00000000 
947 	 -72.00000000 	 -36.00000000 
948 	 -72.00000000 	 -36.00000000 
949 	 -72.00000000 	 -36.00000000 
950 	 -72.00000000 	 -36.00000000 
951 	 -72.00000000 	 -36.00000000 
952 	 -72.00000000 	 -36.00000000 
953 	 -72.00000000 	 -36.00000000 
954 	 -72.00000000 	 -36.00000000 
955 	 -72.00000000 	 -36.00000000 
956 	 -72.00000000 	 -36.00000000 
957 	 -72.00000000 	 -36.00000000 
958 	 -72.00000000 	 -36.00000000 
959 	 -72.00000000 	 -36.00000000 
960 	 -72.00000000 	 -36.00000000 
961 	 -72.00000000 	 -36.00000000 
962 	 -72.00000000 	 -36.00000000 
963 	 -72.00000000 	 -36.00000000 
964 	 -72.00000000 	 -36.00000000 
965 	 -72.00000000 	 -36.00000000 
966 	 -72.00000000 	 -36.00000000 
967 	 -72.00000000 	 -36.00000000 
968 	 -72.00000000 	 -36.00000000 
969 	 -72.00000000 	 -36.00000000 
970 	 -72.00000000 	 -36.00000000 
971 	 -72.00000000 	 -36.00000000 
972 	 -72.00000000 	 -36.00000000 
973 	 -72.00000000 	 -36.00000000 
974 	 -72.00000000 	 -36.00000000 
975 	 -72.00000000 	 -36.00000000 
976 	 -72.00000000 	 -36.00000000 
977 	 -72.00000000 	 -36.00000000 
978 	 -72.00000000 	 -36.00000000 
979 	 -72.00000000 	 -36.00000000 
980 	 -72.00000000 	 -36.00000000 
981 	 -72.00000000 	 -36.00000000 
982 	 -72.00000000 	 -36.00000000 
983 	 -72.00000000 	 -36.00000000 
984 	 -72.00000000 	 -36.00000000 
985 	 -72.00000000 	 -36.00000000 
986 	 -72.00000000 	 -36.00000000 
987 	 -72.00000000 	 -36.00000000 
988 	 -72.00000000 	 -36.00000000 
989 	 -72.00000000 	 -36.00000000 
990 	 -72.00000000 	 -36.00000000 
991 	 -72.00000000 	 -36.00000000 
992 	 -72.00000000 	 -36.00000000 
993 	 -72.00000000 	 -36.00000000 
994 	 -72.00000000 	 -36.00000000 
995 	 -72.00000000 	 -36.00000000 
996 	 -72.00000000 	 -36.00000000 
997 	 -72.00000000 	 -36.00000000 
998 	 -72.00000000 	 -36.00000000 
999 	 -72.00000000 	 -36.00000000 
